Name: Carbon-Epoxy
Type: Elastic
Density [kg.m^-3]: 1.560000E03
Stiffnesses [Pa]
c11: 8.665000E10
c22: 1.350000E10
c33: 1.400000E10
c44: 2.720000E09
c55: 4.060000E09
c66: 4.700000E09
c12: 9.000000E09
c13: 6.400000E09
c23: 6.800000E09
c14: 0.000000E00
c15: 0.000000E00
c16: 0.000000E00
c24: 0.000000E00
c25: 0.000000E00
c26: 0.000000E00
c34: 0.000000E00
c35: 0.000000E00
c36: 0.000000E00
c45: 0.000000E00
c46: 0.000000E00
c56: 0.000000E00