Name: M21 U.D.
Type: Anisotropic Elastic Medium
Density [mg/mm³]: 1.580000
Stiffnesses [GPa]
c11: 1.4040000e+01
c12: 4.8300000e+00
c13: 7.0700000e+00
c14: 0.0000000e+00
c15: 0.0000000e+00
c16: 0.0000000e+00
c22: 1.5278000e+02
c23: 7.2400000e+00
c24: 0.0000000e+00
c25: 0.0000000e+00
c26: 0.0000000e+00
c33: 1.3300000e+01
c34: 0.0000000e+00
c35: 0.0000000e+00
c36: 0.0000000e+00
c44: 5.3400000e+00
c45: 0.0000000e+00
c46: 0.0000000e+00
c55: 3.1100000e+00
c56: 0.0000000e+00
c66: 6.0200000e+00
