Name: Nylon
Type: Anisotropic Elastic Medium
Density [mg/mm³]: 1.039000
Stiffnesses [GPa]
c11: 5.5300000e+00
c12: 2.8800000e+00
c13: 2.8800000e+00
c14: 0.0000000e+00
c15: 0.0000000e+00
c16: 0.0000000e+00
c22: 5.5300000e+00
c23: 2.8800000e+00
c24: 0.0000000e+00
c25: 0.0000000e+00
c26: 0.0000000e+00
c33: 5.6800000e+00
c34: 0.0000000e+00
c35: 0.0000000e+00
c36: 0.0000000e+00
c44: 1.3600000e+00
c45: 0.0000000e+00
c46: 0.0000000e+00
c55: 1.3600000e+00
c56: 0.0000000e+00
c66: 1.3600000e+00
