Name: T800-913_30°
Type: Anisotropic Elastic Medium
Density [mg/mm³]: 1.550000
Stiffnesses [GPa]
c11: 9.1756000e+01
c12: 2.9819000e+01
c13: 4.0750000e+00
c14: 0.0000000e+00
c15: 0.0000000e+00
c16: -4.6365000e+01
c22: 1.9506000e+01
c23: 4.8250000e+00
c24: 0.0000000e+00
c25: 0.0000000e+00
c26: -1.6206000e+01
c33: 9.5000000e+00
c34: 0.0000000e+00
c35: 0.0000000e+00
c36: 6.5000000e-01
c44: 2.6630000e+00
c45: -8.8800000e-01
c46: 0.0000000e+00
c55: 3.6880000e+00
c56: 0.0000000e+00
c66: 3.0319000e+01
