Name: T800-913
Type: Anisotropic Elastic Medium
Density [mg/mm³]: 1.550000
Stiffnesses [GPa]
c11: 1.5400000e+02
c12: 3.7000000e+00
c13: 3.7000000e+00
c14: 0.0000000e+00
c15: 0.0000000e+00
c16: 0.0000000e+00
c22: 9.5000000e+00
c23: 5.2000000e+00
c24: 0.0000000e+00
c25: 0.0000000e+00
c26: 0.0000000e+00
c33: 9.5000000e+00
c34: 0.0000000e+00
c35: 0.0000000e+00
c36: 0.0000000e+00
c44: 2.1500000e+00
c45: 0.0000000e+00
c46: 0.0000000e+00
c55: 4.2000000e+00
c56: 0.0000000e+00
c66: 4.2000000e+00
